1-V2-side & 8-V2-side
arm_wave_ang_similarity: 80.98949901569748
step_length_similarity: 55.553728559862925
body_fl_ang_similarity: 10.272330958350521
