1-V2-side & 8-V2-side
arm_wave_ang_similarity: 80.98949901569748
step_length_similarity: 43.744863507049516
body_fl_ang_similarity: 10.272330958350521
